1.0000000e+000
1.0000000e+000
1.0000000e+000
6.1394726e-001
1.0000000e+000
9.8526765e-001
1.0000000e+000
1.0000000e+000
4.2415651e-001
9.0136352e-001
8.5183889e-001
1.0000000e+000
5.3791656e-001
6.0652131e-001
7.6761116e-001
1.0000000e+000
9.8782852e-001
9.8447470e-001
1.0000000e+000
7.8369638e-001
1.0000000e+000
6.2278792e-001
1.0000000e+000
8.5963508e-001
9.9216254e-001
9.3623904e-001
7.7999602e-001
1.3216130e-001
7.5643719e-001
7.6557779e-001
9.0250548e-001
6.0921448e-001
6.9399567e-001
6.8725333e-001
9.1181038e-001
9.7640399e-001
8.6363855e-001
1.0000000e+000
1.0000000e+000
4.4773840e-001
1.0000000e+000
9.0387951e-001
1.0000000e+000
9.9582166e-001
5.8314106e-001
1.0000000e+000
1.0000000e+000
5.1697483e-001
1.0000000e+000
9.9664271e-001
1.0000000e+000
1.0000000e+000
9.5992320e-001
1.0000000e+000
1.0000000e+000
3.5352132e-001
1.0000000e+000
9.0160374e-001
5.5082034e-001
3.6501888e-001
1.0000000e+000
6.4887642e-001
1.0000000e+000
1.0000000e+000
9.7672892e-001
1.0000000e+000
1.0000000e+000
4.7475702e-001
1.0000000e+000
1.0000000e+000
5.6940732e-001
1.0000000e+000
5.9469265e-001
6.8536727e-001
9.5930889e-001
1.0000000e+000
9.3787297e-001
7.9529120e-001
7.5460665e-001
1.0000000e+000
9.4655104e-001
9.3669975e-001
5.9033254e-001
1.0000000e+000
1.0000000e+000
1.0000000e+000
8.4140790e-001
4.8327803e-001
7.0647384e-001
8.7282811e-001
1.0000000e+000
7.3560890e-001
1.0000000e+000
9.3595659e-001
8.7422187e-001
1.0000000e+000
5.7856174e-001
8.8865278e-001
7.9114641e-001
5.7543029e-001
1.0000000e+000
1.0000000e+000
9.7853181e-001
1.0000000e+000
1.0000000e+000
1.0000000e+000
1.0000000e+000
1.0000000e+000
4.3790285e-001
8.3829623e-001
5.0064143e-001
7.1429025e-001
1.0000000e+000
1.0000000e+000
1.4237766e-001
5.4288116e-001
9.8105413e-001
1.0000000e+000
2.5785824e-001
8.9294358e-001
8.6755798e-001
1.0000000e+000
9.8851135e-001
7.1159700e-001
4.6700567e-001
6.7733172e-001
1.0000000e+000
1.0000000e+000
8.0203283e-001
4.1513414e-001
1.0000000e+000
7.5342740e-001
1.0000000e+000
1.0000000e+000
1.0000000e+000
8.8638183e-001
1.0000000e+000
9.2249098e-001
1.0000000e+000
9.0252857e-001
4.3764068e-001
6.7218148e-001
7.8638961e-001
1.0000000e+000
6.2055798e-001
9.1265744e-001
1.0000000e+000
7.6681419e-001
8.3304223e-001
8.9182398e-001
1.0000000e+000
1.0000000e+000
8.7254619e-001
5.1075481e-001
1.0000000e+000
1.0000000e+000
5.9034539e-001
5.3698692e-001
9.3290118e-001
9.0588478e-001
9.6355075e-001
6.3724511e-001
1.0000000e+000
8.6764760e-001
7.8367931e-001
1.0000000e+000
1.0000000e+000
9.6184625e-001
9.0578315e-001
7.6546521e-001
6.9214433e-001
3.8936340e-001
8.5321730e-001
1.0000000e+000
6.9812915e-001
8.9603371e-001
8.1822319e-001
7.5506927e-001
1.0000000e+000
1.0920581e-001
1.0000000e+000
1.0000000e+000
7.7149670e-001
1.0000000e+000
7.1794992e-001
7.5004440e-001
6.7315701e-001
7.0322313e-001
3.4421220e-001
9.5457279e-001
1.0000000e+000
8.5919630e-001
9.1261902e-001
1.0000000e+000
1.0000000e+000
7.2017327e-001
7.0342945e-001
1.0000000e+000
9.7529895e-001
7.3360241e-001
1.0000000e+000
1.0000000e+000
1.0000000e+000
1.0000000e+000
6.8020643e-001
9.3545683e-001
9.8185593e-001
9.5264774e-001
8.2603579e-001
1.0000000e+000
1.0000000e+000
8.0805975e-001
1.0000000e+000
5.7035573e-001
7.4160207e-001
8.2956291e-001
1.0000000e+000
8.0574741e-001
1.0000000e+000
1.0000000e+000
8.2980425e-001
8.6055631e-001
1.0000000e+000
7.8077060e-001
1.0000000e+000
7.6650539e-001
1.0000000e+000
7.2335927e-001
8.5247050e-001
7.4428714e-001
1.0000000e+000
5.5806889e-001
1.0000000e+000
3.8916147e-001
9.9616060e-001
7.0031743e-001
1.0000000e+000
7.6656497e-001
9.7032416e-001
8.5639656e-001
7.0957974e-001
6.2964343e-001
6.8940511e-001
1.0000000e+000
8.0949865e-001
1.0000000e+000
9.4470843e-001
1.0000000e+000
7.8443689e-001
8.9162349e-001
9.9378511e-001
9.1269709e-001
9.0040539e-001
5.7167405e-001
1.0000000e+000
1.0000000e+000
3.4862645e-001
1.0000000e+000
1.0000000e+000
1.0000000e+000
4.2883766e-001
9.0381101e-001
1.0000000e+000
3.2840363e-001
5.5320646e-001
1.0000000e+000
7.9341564e-001
9.7149449e-001
6.5579450e-001
1.0000000e+000
4.9412881e-001
7.4194622e-001
8.8047642e-001
1.0000000e+000
9.5388525e-001
1.0000000e+000
8.6663928e-001
1.0000000e+000
6.3442763e-001
7.1196266e-001
1.0000000e+000
8.5520077e-001
1.0000000e+000
1.0000000e+000
1.0000000e+000
7.0161274e-001
7.7706836e-001
1.0000000e+000
1.0000000e+000
1.0000000e+000
1.0000000e+000
1.0000000e+000
6.7545023e-001
1.0000000e+000
9.2365256e-001
1.0000000e+000
1.0000000e+000
9.9198463e-001
7.4922763e-001
1.0000000e+000
9.4385713e-001
8.5983721e-001
1.0000000e+000
1.0000000e+000
6.6675830e-001
1.0000000e+000
5.9342126e-001
7.6752697e-001
6.6067558e-001
9.5971732e-001
8.2581920e-001
1.0000000e+000
9.2295830e-001
8.2545649e-001
7.7321100e-001
9.4209479e-001
3.4737303e-001
1.0000000e+000
5.5243936e-001
5.5423352e-001
9.1401383e-001
9.0637929e-001
7.1738374e-001
1.0000000e+000
1.0000000e+000
1.0000000e+000
1.0000000e+000
8.1607190e-001
8.6218118e-001
9.2746383e-001
5.3658691e-001
1.0000000e+000
5.6026723e-001
9.6354972e-001
9.5527669e-001
1.0000000e+000
5.7065234e-001
7.4938535e-001
1.0000000e+000
1.0000000e+000
4.9544056e-001
1.0000000e+000
1.0000000e+000
1.0000000e+000
1.0000000e+000
8.1590185e-001
5.6117989e-001
8.1522100e-001
1.0000000e+000
4.5076703e-001
1.0000000e+000
8.3026923e-001
1.0000000e+000
5.0521352e-001
7.9125623e-001
5.1937022e-001
6.8567139e-001
3.5114609e-001
1.0000000e+000
5.2665107e-001
4.0217657e-001
9.9560357e-001
8.1977563e-001
1.0000000e+000
9.3009524e-001
1.0000000e+000
1.0000000e+000
9.2077197e-001
7.6488399e-001
1.0000000e+000
1.0000000e+000
6.0940496e-001
1.0000000e+000
1.0000000e+000
8.1582173e-001
1.0000000e+000
7.6255760e-001
9.3421524e-001
4.1650921e-001
1.0000000e+000
8.7568574e-001
1.0000000e+000
1.0000000e+000
8.4159851e-001
6.9838761e-001
1.0000000e+000
5.7503963e-001
6.9057202e-001
1.0000000e+000
1.0000000e+000
7.5808741e-001
7.5699685e-001
9.0000076e-001
9.2735636e-001
1.0000000e+000
1.0000000e+000
1.0000000e+000
1.0000000e+000
1.0000000e+000
7.1355907e-001
1.0000000e+000
1.0000000e+000
1.0000000e+000
7.6952161e-001
6.7846644e-001
8.2518406e-001
1.0000000e+000
9.1076518e-001
1.0000000e+000
7.9799546e-001
1.0000000e+000
9.1442802e-001
1.0000000e+000
5.5048138e-001
1.0000000e+000
1.0000000e+000
8.0791355e-001
4.4832155e-001
1.0000000e+000
1.0000000e+000
7.9295756e-001
8.8060820e-001
1.0000000e+000
8.6428416e-001
1.0000000e+000
1.0000000e+000
1.0000000e+000
1.0000000e+000
1.0000000e+000
6.5368698e-001
4.2746957e-001
1.0000000e+000
1.0000000e+000
1.0000000e+000
1.0000000e+000
8.8248923e-001
8.8351679e-001
1.0000000e+000
1.0000000e+000
9.8412291e-001
9.7057893e-001
9.0444702e-001
1.0000000e+000
1.0000000e+000
7.2396740e-001
1.0000000e+000
5.2965407e-001
9.3631866e-001
9.0666356e-001
8.9066051e-001
1.0000000e+000
1.0000000e+000
1.0000000e+000
8.3998737e-001
6.8933344e-001
2.7069471e-001
1.0000000e+000
1.0000000e+000
5.4632115e-001
8.1325461e-001
9.9989161e-001
9.7451063e-001
9.6984947e-001
7.1870894e-001
8.0366558e-001
1.0000000e+000
1.0000000e+000
9.8575773e-001
9.5997788e-001
7.3154477e-001
9.2344082e-001
9.9785790e-001
1.0000000e+000
1.0000000e+000
1.0000000e+000
5.3259530e-001
8.0654710e-001
8.1299133e-001
1.0000000e+000
1.0000000e+000
1.0000000e+000
8.0126786e-001
1.0000000e+000
1.0000000e+000
1.0000000e+000
1.0000000e+000
6.5138989e-001
1.0000000e+000
6.5548204e-001
6.5679455e-001
9.1507105e-001
8.7317994e-001
5.9008742e-001
5.8936501e-001
3.0187336e-001
8.4116091e-001
1.0000000e+000
7.7658071e-001
9.0981991e-001
1.0000000e+000
7.0292836e-001
8.0025457e-001
2.7213916e-001
1.0000000e+000
5.2554339e-001
9.4866777e-001
6.7385143e-001
7.5110631e-001
1.0000000e+000
6.2068147e-001
1.0000000e+000
8.5782903e-001
1.0000000e+000
5.7355146e-001
1.8110059e-001
7.6066564e-001
1.0000000e+000
8.9592231e-001
1.0000000e+000
7.2560794e-001
7.2574908e-001
9.2828380e-001
1.0000000e+000
9.0997522e-001
4.3275296e-001
1.0000000e+000
8.7247346e-001
7.5117563e-001
4.3026658e-001
9.1634390e-001
1.0000000e+000
1.0000000e+000
8.8513209e-001
8.8229424e-001
1.0000000e+000
5.3710724e-001
4.9118919e-001
9.8529278e-001
1.0000000e+000
1.0000000e+000
9.8384322e-001
8.0577698e-001
8.1363420e-001
5.1673102e-001
7.4605949e-001
1.0000000e+000
1.0000000e+000
1.0000000e+000
7.5180062e-001
9.5567607e-001
1.0000000e+000
7.4682054e-001
9.9198229e-001
9.0506180e-001
7.8935850e-001
5.8814609e-001
1.0000000e+000
7.3657358e-001
7.6423490e-001
8.2339921e-001
6.1094676e-001
1.0000000e+000
4.1026645e-001
8.9781677e-001
1.0000000e+000
9.3743886e-001
1.0000000e+000
1.0000000e+000
1.0000000e+000
8.5273585e-001
1.0000000e+000
9.6443456e-001
8.1989281e-001
1.0000000e+000
1.0000000e+000
8.3614924e-001
9.9214533e-001
5.0584981e-001
1.0000000e+000
6.1425885e-001
9.7692207e-001
1.0000000e+000
1.0000000e+000
1.0000000e+000
1.0000000e+000
8.9940029e-001
4.3662340e-001
1.0000000e+000
1.0000000e+000
6.7444611e-001
7.9302395e-001
7.0511219e-001
9.9791231e-001
6.5477862e-001
1.0000000e+000
1.0000000e+000
1.0000000e+000
8.4107138e-001
1.0000000e+000
6.4025442e-001
7.1245980e-001
1.0000000e+000
8.8069391e-001
7.7022502e-001
9.2682248e-001
1.0000000e+000
9.4356589e-001
7.4142706e-001
1.0000000e+000
7.1492642e-001
1.0000000e+000
1.0000000e+000
1.0000000e+000
1.0000000e+000
3.9867761e-001
1.0000000e+000
1.0000000e+000
1.0000000e+000
1.0000000e+000
1.0000000e+000
6.6756274e-001
7.3151661e-001
5.2539840e-001
3.3472261e-001
4.9071024e-001
8.8640072e-001
8.5240239e-001
8.7816074e-001
1.0000000e+000
7.9619890e-001
6.5497747e-001
9.4272706e-001
1.0000000e+000
1.0000000e+000
1.0000000e+000
7.3604386e-001
6.1904387e-001
1.0000000e+000
7.8130390e-001
8.1532619e-001
7.0006071e-001
7.6239282e-001
1.0000000e+000
1.0000000e+000
9.8670726e-001
1.0000000e+000
6.8799139e-001
1.0000000e+000
1.0000000e+000
7.2354419e-001
1.0000000e+000
5.3798518e-001
1.0000000e+000
7.5925800e-001
1.0000000e+000
9.8692610e-001
7.8598782e-001
1.0000000e+000
1.0000000e+000
7.3223264e-001
1.0000000e+000
4.8340646e-001
1.0000000e+000
1.0000000e+000
1.0000000e+000
8.4555815e-001
9.2750033e-001
7.6216844e-001
9.9848098e-001
1.0000000e+000
4.4105657e-001
9.2696047e-001
8.3346717e-001
8.4154406e-001
8.5863678e-001
1.0000000e+000
6.0838919e-001
9.6844025e-001
8.0993905e-001
7.8542054e-001
9.6059140e-001
8.3614738e-001
4.1956632e-001
1.0000000e+000
8.7528135e-002
6.1734005e-001
8.7824128e-001
5.3364967e-001
7.7174051e-001
9.6910212e-001
7.9428635e-001
6.5685165e-001
9.1759551e-001
7.8310759e-001
1.0000000e+000
7.2599481e-001
8.4744321e-001
8.4755256e-001
7.1982233e-001
9.2206708e-001
2.7351793e-001
9.8713065e-001
1.0000000e+000
1.0000000e+000
1.0000000e+000
8.5681157e-001
3.9825176e-001
8.8049161e-001
1.0000000e+000
6.8533504e-001
1.0000000e+000
9.6861643e-001
4.6670844e-001
7.0682735e-001
5.4325538e-001
1.0000000e+000
7.0940818e-001
9.9260748e-001
3.4349820e-001
7.5519024e-001
7.4995472e-001
4.3043097e-001
1.0000000e+000
1.0000000e+000
1.0000000e+000
1.0000000e+000
1.0000000e+000
6.0698935e-001
3.8028514e-001
8.7869196e-001
7.7282113e-001
1.0000000e+000
1.0000000e+000
1.0000000e+000
0.0000000e+000
9.3539419e-001
1.0000000e+000
9.1729706e-001
1.0000000e+000
9.3576553e-001
1.0000000e+000
1.0000000e+000
1.0000000e+000
9.4671455e-001
1.0000000e+000
8.6201648e-001
6.9284771e-001
6.5072984e-001
1.0000000e+000
1.0000000e+000
5.9203908e-001
1.0000000e+000
1.0000000e+000
1.0000000e+000
7.8989906e-001
6.2080361e-001
5.5533611e-001
1.0000000e+000
8.7199869e-001
8.8120435e-001
6.3900189e-001
1.0000000e+000
9.1219051e-001
1.0000000e+000
8.8266525e-001
8.1178777e-001
1.0000000e+000
8.4265376e-001
9.3535363e-001
6.6811895e-001
1.0000000e+000
1.0000000e+000
5.8445950e-001
9.1397429e-001
4.3161309e-001
8.1074022e-001
6.9041040e-001
7.1940027e-001
3.8756322e-001
7.5319220e-001
6.4817509e-001
5.4072811e-001
1.0000000e+000
5.9106699e-001
7.2808382e-001
7.6991002e-001
9.2519966e-001
9.6416255e-001
7.3733611e-001
7.1563707e-001
1.0000000e+000
7.0925476e-001
9.4729709e-001
1.0000000e+000
1.0000000e+000
1.0000000e+000
1.0000000e+000
1.0000000e+000
1.0000000e+000
1.0000000e+000
1.0000000e+000
9.1231399e-001
9.7653091e-001
6.0091672e-001
1.0000000e+000
6.7815390e-001
1.0000000e+000
8.5872475e-001
1.0000000e+000
1.0000000e+000
1.0000000e+000
1.0000000e+000
9.5893744e-001
2.8281600e-001
1.0000000e+000
1.0000000e+000
9.9727998e-001
3.7698952e-001
8.1772624e-001
8.4105752e-001
7.7731513e-001
1.0000000e+000
7.6575743e-001
1.0000000e+000
4.6651396e-001
6.0362327e-001
7.1863801e-001
1.0000000e+000
7.5455397e-001
7.4153957e-001
9.2838762e-001
5.4102776e-001
1.0000000e+000
1.0000000e+000
7.9274401e-001
6.1848883e-001
8.4048743e-001
1.0000000e+000
1.0000000e+000
6.4063575e-001
7.8209059e-001
1.0000000e+000
7.5221169e-001
1.0000000e+000
8.9898276e-001
8.6430858e-001
1.0000000e+000
8.5205145e-001
1.0000000e+000
9.3868448e-001
1.0000000e+000
1.0000000e+000
1.0000000e+000
1.0000000e+000
0.0000000e+000
7.7866550e-001
1.0000000e+000
8.7508498e-001
1.0000000e+000
8.2078397e-001
4.5248958e-001
7.5626078e-001
7.2678517e-001
7.2366344e-001
1.0000000e+000
9.0507513e-001
5.8357598e-001
1.0000000e+000
9.1363619e-001
7.3518849e-001
8.8355704e-001
1.0000000e+000
3.6290878e-001
5.7434569e-001
4.6193352e-001
1.0000000e+000
9.1295379e-001
1.0000000e+000
6.3486760e-001
1.0000000e+000
1.0000000e+000
1.0000000e+000
9.5556015e-001
7.1536437e-001
8.7651667e-001
7.5636035e-001
5.6174697e-001
4.8277826e-001
1.0000000e+000
8.6944173e-001
8.6713435e-001
6.5039031e-001
4.6683327e-001
1.0000000e+000
5.2396369e-001
5.3538148e-001
1.0000000e+000
9.8504649e-002
1.0000000e+000
9.1056940e-001
4.3169276e-001
3.1766345e-001
4.5034038e-001
5.6780563e-001
1.0000000e+000
4.4074423e-001
8.4415646e-001
1.0000000e+000
1.0000000e+000
1.0000000e+000
7.7674855e-001
1.0000000e+000
1.0000000e+000
5.9749959e-001
3.3422894e-001
1.0000000e+000
1.0000000e+000
5.7934853e-001
1.0000000e+000
1.0000000e+000
8.2006242e-001
1.0000000e+000
7.6183836e-001
8.4631520e-001
1.0000000e+000
1.0000000e+000
6.7699595e-001
6.0380783e-001
6.5549832e-001
1.0000000e+000
1.0000000e+000
1.0000000e+000
8.3789536e-001
6.4046830e-001
7.9123922e-001
8.0332624e-001
8.2661475e-001
1.0000000e+000
7.9000631e-001
8.3899656e-001
5.8618288e-001
5.4172597e-001
5.8800057e-001
1.0000000e+000
9.3613616e-001
5.2248823e-001
1.0000000e+000
4.6887884e-001
6.8073778e-001
9.7427630e-001
1.0000000e+000
1.0000000e+000
1.0000000e+000
1.0000000e+000
7.1103360e-001
8.9292760e-001
8.1715865e-001
1.0000000e+000
1.0000000e+000
1.0000000e+000
1.0000000e+000
6.1756714e-001
4.7502186e-001
1.0000000e+000
1.0000000e+000
7.1853446e-001
1.0000000e+000
5.2751457e-001
9.2381541e-001
1.0000000e+000
1.0000000e+000
9.8001768e-001
9.8812388e-001
3.9715402e-001
1.0000000e+000
5.8674293e-001
7.6066846e-001
1.0000000e+000
8.9565451e-001
1.0000000e+000
4.7586556e-001
1.0000000e+000
6.2109874e-001
1.0000000e+000
9.8593524e-001
8.5621495e-001
1.0000000e+000
3.5531431e-001
7.6024517e-001
1.0000000e+000
9.3501224e-001
9.5381519e-001
8.9612377e-001
5.3364467e-001
9.4094710e-001
7.2562760e-001
1.0000000e+000
8.6276074e-001
1.0000000e+000
4.7001696e-001
6.2122011e-001
1.0000000e+000
7.3205167e-001
7.3361858e-001
9.0274882e-001
1.0000000e+000
8.9116367e-001
7.1286869e-001
5.7100243e-001
8.6476652e-001
1.0000000e+000
8.8782782e-001
1.0000000e+000
1.0000000e+000
1.0000000e+000
1.0000000e+000
1.0000000e+000
7.2993062e-001
8.2165002e-001
1.6576220e-001
9.9572211e-001
1.0000000e+000
1.0000000e+000
8.9893967e-001
7.1353132e-001
7.4431289e-001
1.0000000e+000
9.7793430e-001
1.0000000e+000
1.0000000e+000
8.1929891e-001
6.7043157e-001
1.0000000e+000
7.6007934e-001
4.9011880e-001
6.4090115e-001
1.0000000e+000
1.0000000e+000
6.2045893e-001
1.0000000e+000
9.8624004e-001
1.0000000e+000
1.0000000e+000
9.2648501e-001
1.0000000e+000
9.5115423e-001
6.3411654e-001
9.5503800e-001
4.7779293e-002
5.0580832e-001
9.5775999e-001
9.2609050e-001
1.0000000e+000
5.0623391e-001
1.0000000e+000
1.0000000e+000
5.2933011e-001
1.0000000e+000
6.8102894e-001
9.0566482e-001
8.6289816e-001
1.0000000e+000
8.2480610e-001
9.2873615e-001
4.0699941e-001
7.5648422e-001
1.0000000e+000
9.0639946e-001
1.0000000e+000
1.0000000e+000
9.6352671e-001
7.3920960e-001
8.2982709e-001
8.3291822e-001
1.0000000e+000
2.2210868e-001
1.0000000e+000
5.6480269e-001
1.0000000e+000
1.0000000e+000
6.7025434e-001
1.0000000e+000
7.6224060e-001
9.9080931e-001
1.0000000e+000
7.0088247e-001
1.0000000e+000
1.0000000e+000
1.0000000e+000
8.1391409e-001
6.7731916e-001
1.0000000e+000
1.0000000e+000
1.0000000e+000
9.9095631e-001
9.0074339e-001
7.7133563e-001
8.9502736e-001
1.0000000e+000
9.2330026e-001
1.0000000e+000
6.5340356e-001
4.1909320e-001
7.8399105e-001
1.0000000e+000
1.0000000e+000
9.3810580e-001
1.0000000e+000
1.0000000e+000
8.5785499e-001
7.2491820e-001
8.7761199e-001
1.0000000e+000
1.0000000e+000
1.0000000e+000
7.3473911e-001
1.0000000e+000
6.5865191e-001
6.1803605e-001
8.3814385e-001
4.4208404e-001
8.2653510e-001
8.1733322e-001
3.1277748e-001
7.6471715e-001
1.0000000e+000
6.4372563e-001
1.0000000e+000
6.1569866e-001
8.0111522e-001
8.2007699e-001
1.0000000e+000
6.3132786e-001
8.1005583e-001
8.4432603e-001
1.0000000e+000
3.6819281e-001
1.0000000e+000
8.3492309e-001
1.0000000e+000
8.1005562e-001
7.5813301e-001
3.5586073e-001
1.0000000e+000
6.7853097e-001
1.0000000e+000
9.1730448e-001
8.6048018e-001
1.0000000e+000
8.4584290e-001
8.0007582e-001
6.7927494e-001
1.0000000e+000
7.9426983e-001
1.8714142e-001
1.0000000e+000
8.7914809e-001
6.0589558e-001
1.0000000e+000
8.4088732e-001
3.8815592e-001
8.1511618e-001
8.0112260e-001
8.0610342e-001
6.2246623e-001
1.0000000e+000
9.7536233e-001
7.3380971e-001
1.0000000e+000
7.5058131e-001
7.0898205e-001
9.9370712e-001
2.3358917e-001
6.4839762e-001
5.0964132e-001
8.4791241e-001
1.0000000e+000
7.6635967e-001
4.2186129e-001
9.3892520e-001
9.4561369e-001
6.4653303e-001
4.7688384e-001
1.0000000e+000
7.0756822e-001
9.1790308e-001
8.1337829e-001
9.3549005e-001
1.0000000e+000
7.5407887e-001
5.7081689e-001
1.0000000e+000
1.0000000e+000
7.9837960e-001
7.5570998e-001
1.0000000e+000
1.0000000e+000
3.0896823e-001
9.5915368e-001
7.3473049e-001
8.2185242e-001
6.9585330e-001
9.8080931e-001
4.3532627e-001
9.9196515e-001
9.2954119e-001
1.0000000e+000
8.1349016e-001
1.0000000e+000
7.5482935e-001
4.8974296e-001
1.0000000e+000
7.7588012e-001
1.2583960e-001
1.0000000e+000
7.5474234e-001
5.1023713e-001
1.0000000e+000
5.5380015e-001
7.2219168e-001
1.0000000e+000
8.2289016e-001
9.4303949e-001
7.8465592e-001
3.8759991e-001
5.9982424e-001
1.0000000e+000
8.4342774e-001
9.8160812e-001
1.0000000e+000
4.9743930e-001
8.5880631e-001
8.7138754e-001
9.8679616e-001
1.0000000e+000
7.6294640e-001
7.6060933e-001
4.6636369e-001
6.5182259e-001
1.0000000e+000
1.0000000e+000
1.0000000e+000
4.3600457e-001
6.5135439e-001
4.9298147e-001
1.0000000e+000
7.6586773e-001
8.8885009e-001
8.9423282e-001
5.3915322e-001
1.0000000e+000
8.9326261e-001
9.9673277e-001
1.0000000e+000
7.9321219e-001
1.0000000e+000
1.6529517e-001
1.0000000e+000
3.5094686e-001
5.6398535e-001
2.6278490e-001
9.9512075e-001
5.6371367e-001
8.2249132e-001
8.7639430e-001
4.5589336e-001
7.2289846e-001
1.0000000e+000
4.9546039e-001
1.0000000e+000
7.0406955e-001
1.0000000e+000
1.0000000e+000
1.0000000e+000
1.0000000e+000
4.3587977e-001
7.5861866e-001
8.6850881e-001
9.6936261e-001
7.6967724e-001
6.9539461e-001
7.4626578e-001
5.9022429e-001
8.1331714e-001
1.6955236e-001
1.0000000e+000
7.0672606e-001
4.4964386e-001
1.0000000e+000
1.0000000e+000
1.0000000e+000
1.0000000e+000
5.9228988e-001
8.3127574e-001
8.2872926e-001
8.8831005e-001
1.0000000e+000
1.0000000e+000
9.3950376e-001
1.0000000e+000
1.0000000e+000
7.8761874e-001
5.6629869e-001
6.4868677e-001
2.2388566e-001
8.9455022e-001
8.8410716e-001
7.7725099e-001
1.0000000e+000
1.0000000e+000
6.0655936e-001
8.8114414e-001
7.5863611e-001
8.6142085e-001
9.1032986e-001
1.0000000e+000
8.2814246e-001
1.0000000e+000
8.0678943e-001
8.3107062e-001
4.9967982e-001
1.0000000e+000
9.0885042e-001
7.2379892e-001
9.0229744e-001
4.9953699e-001
9.9239862e-001
9.6368114e-001
7.6789964e-001
6.0774535e-001
7.6293326e-001
3.3469749e-001
4.0971981e-001
5.8069288e-001
9.6564348e-001
1.0000000e+000
1.0000000e+000
9.7369647e-001
6.1147145e-001
5.3454021e-001
8.2291849e-001
4.3993557e-001
8.4481610e-001
7.1058983e-001
1.0000000e+000
8.3852516e-001
7.9024320e-001
7.5606432e-001
1.0000000e+000
1.0000000e+000
1.0000000e+000
8.4654390e-001
7.7363947e-001
3.8701805e-001
3.1390448e-001
9.9204168e-001
7.7748294e-001
6.1343606e-001
1.0000000e+000
7.8357891e-001
9.1624459e-001
6.6806634e-001
1.0000000e+000
3.8252461e-001
8.7390741e-001
6.0300394e-001
1.0000000e+000
9.3491191e-001
1.0000000e+000
1.0000000e+000
7.1427374e-001
8.7347212e-001
1.0000000e+000
1.0000000e+000
5.2344997e-001
1.0000000e+000
1.0000000e+000
1.0000000e+000
1.0000000e+000
1.5384128e-001
8.3646928e-001
4.8389853e-001
1.0000000e+000
6.6508985e-001
7.8003071e-001
6.3740354e-001
1.0000000e+000
6.1352387e-001
1.0000000e+000
1.0000000e+000
7.8542083e-001
1.0000000e+000
4.0200191e-001
1.0000000e+000
8.9419450e-001
5.9818918e-001
1.0000000e+000
1.0000000e+000
9.5774275e-001
1.0000000e+000
6.8662236e-001
1.0000000e+000
8.8004416e-001
8.1828937e-001
8.9873124e-001
4.8535669e-001
7.6562473e-001
7.3502120e-001
4.5559827e-001
9.1133059e-001
1.0000000e+000
6.1083561e-001
6.7740822e-001
1.0000000e+000
9.0104034e-001
7.6575760e-001
7.3085947e-001
6.0870160e-001
1.0000000e+000
6.2979244e-001
1.0000000e+000
1.0000000e+000
7.4614738e-001
8.7909597e-001
8.8450228e-001
7.8210764e-001
1.0000000e+000
1.0000000e+000
7.8681478e-001
9.2694907e-001
1.0000000e+000
1.0000000e+000
6.3872007e-001
4.6707675e-001
5.9160351e-001
1.0000000e+000
8.4008349e-001
6.3077517e-001
7.7807782e-001
1.0000000e+000
1.0000000e+000
5.5541477e-001
1.0000000e+000
7.4552642e-001
1.0000000e+000
9.4082346e-001
8.3873242e-001
8.8178484e-001
1.0000000e+000
9.5388976e-001
1.0000000e+000
7.8326545e-001
1.0000000e+000
1.0000000e+000
9.8210282e-001
7.9033678e-001
5.8685036e-001
8.2878745e-001
1.0000000e+000
9.1836762e-001
1.0000000e+000
6.0011283e-001
1.9433221e-001
1.0000000e+000
1.0000000e+000
7.6314049e-001
1.0000000e+000
1.0000000e+000
1.0000000e+000
1.0000000e+000
9.5541535e-001
8.9932474e-001
9.5801864e-001
4.1691520e-001
1.0000000e+000
6.3917753e-001
1.0000000e+000
1.0000000e+000
1.0000000e+000
6.9156313e-001
6.8942031e-001
3.9580188e-001
1.0000000e+000
9.0861604e-001
8.4315718e-001
9.9345692e-001
7.0099528e-001
5.2655405e-001
9.8682787e-001
8.8053679e-001
3.0551699e-001
4.8526463e-001
1.0000000e+000
8.3236876e-001
9.8933608e-001
9.4482307e-001
1.0000000e+000
1.0000000e+000
9.6104600e-001
6.9259108e-001
8.0172107e-001
1.0000000e+000
9.7018400e-001
3.4309831e-001
1.0000000e+000
8.4776196e-001
8.6884364e-001
7.2137707e-001
7.0524120e-001
7.4261102e-001
1.0000000e+000
9.7038991e-001
7.2850054e-001
8.0283246e-001
2.0282936e-001
5.5561974e-001
7.0093354e-001
1.0000000e+000
1.0000000e+000
8.3206599e-001
6.5177132e-001
9.3323769e-001
1.0000000e+000
8.2610700e-001
8.7755098e-001
8.8255557e-001
1.0000000e+000
1.0000000e+000
4.9949135e-001
6.6732170e-001
1.0000000e+000
1.0000000e+000
8.4683132e-001
7.0386157e-001
6.3457547e-001
1.0000000e+000
9.4911930e-001
9.2548560e-001
5.8098107e-001
1.0000000e+000
5.5883453e-001
1.0000000e+000
3.2878607e-001
1.0000000e+000
8.2444767e-001
1.0000000e+000
1.0000000e+000
1.0000000e+000
1.0000000e+000
1.0000000e+000
8.5478563e-001
1.0000000e+000
6.6309812e-001
7.9142177e-001
1.0000000e+000
1.0000000e+000
5.5060909e-001
1.0000000e+000
3.1514668e-001
1.0000000e+000
4.0467566e-001
7.7159911e-001
1.0000000e+000
9.1734397e-001
9.1123990e-001
1.0000000e+000
5.9587843e-001
8.0769867e-001
1.0000000e+000
8.9648142e-001
4.3633833e-001
8.1885009e-001
1.0000000e+000
7.4380963e-001
1.0000000e+000
1.0000000e+000
4.5552452e-001
1.0000000e+000
8.1109223e-001
9.5022562e-001
7.2361944e-001
7.1064507e-001
1.0000000e+000
8.5344209e-001
3.6143734e-001
9.2326036e-001
7.8613901e-001
1.0000000e+000
1.0000000e+000
1.0000000e+000
1.0000000e+000
9.0265204e-001
1.0000000e+000
7.8603029e-001
9.7135409e-001
9.8947483e-002
1.0000000e+000
7.9846037e-001
5.4424369e-001
7.0018733e-001
1.0000000e+000
1.7811803e-001
2.6280327e-001
1.0000000e+000
7.4324272e-001
7.4431906e-001
3.3286095e-001
1.0000000e+000
1.0000000e+000
3.8322425e-001
1.0000000e+000
1.0000000e+000
5.5744317e-001
8.8728600e-001
1.0000000e+000
1.0000000e+000
6.8052869e-001
6.9727883e-001
1.0000000e+000
7.2470398e-001
4.6803191e-001
1.0000000e+000
8.7663212e-001
9.2327660e-001
1.0000000e+000
6.7573841e-001
1.0000000e+000
3.2218486e-001
1.0000000e+000
1.0000000e+000
9.1353333e-001
7.7559141e-001
1.0000000e+000
8.3863431e-001
1.0000000e+000
5.5510239e-001
5.2197875e-001
4.0116239e-001
9.2472594e-001
8.8346878e-001
9.5150801e-001
1.0000000e+000
1.0000000e+000
7.5020130e-001
9.7534450e-001
9.2121632e-001
8.3374731e-001
1.0000000e+000
1.0000000e+000
9.3534662e-001
0.0000000e+000
6.5171513e-001
7.3034046e-001
1.0000000e+000
9.8859559e-001
1.0000000e+000
8.1730511e-001
1.0000000e+000
1.0000000e+000
7.9731191e-001
1.0000000e+000
8.6599944e-001
5.2305654e-001
6.5662236e-001
6.9053744e-001
1.0000000e+000
8.0346712e-001
2.1503282e-001
9.4560860e-001
9.4834660e-001
9.5651384e-001
8.8134433e-001
1.0000000e+000
6.2348482e-001
6.8201889e-001
6.5568322e-001
1.0000000e+000
7.0320267e-001
1.0000000e+000
1.0000000e+000
8.9636584e-001
1.0000000e+000
1.0000000e+000
9.8292283e-001
1.0000000e+000
1.0000000e+000
1.0000000e+000
1.0000000e+000
6.3491825e-001
3.9628251e-001
8.1641168e-001
7.5906316e-001
9.7549625e-001
7.6538775e-001
6.5357245e-001
9.0038557e-001
8.6064494e-001
6.0634101e-001
1.0000000e+000
9.2627648e-001
7.8398405e-001
6.5881974e-001
8.1813686e-001
8.7545750e-001
8.3751207e-001
6.6266319e-001
1.0000000e+000
7.0144666e-001
6.9612870e-001
9.4826054e-001
9.7647164e-001
1.0000000e+000
8.8241524e-001
8.7042460e-001
9.0039709e-001
1.0000000e+000
7.3545387e-001
1.0000000e+000
1.0000000e+000
2.3988751e-001
7.1127602e-001
1.0000000e+000
1.0000000e+000
8.2171588e-001
1.0000000e+000
1.0000000e+000
1.0000000e+000
9.1080637e-001
1.0000000e+000
8.4451929e-001
5.1129481e-001
5.2987788e-001
5.9429509e-001
1.0000000e+000
8.7669101e-001
1.0000000e+000
1.0000000e+000
8.6217777e-001
8.6642463e-001
1.0000000e+000
9.3589029e-001
8.1831238e-001
6.9724811e-001
6.3612491e-001
1.0000000e+000
1.0000000e+000
9.4416545e-001
1.0000000e+000
5.9653318e-001
1.0000000e+000
1.0000000e+000
5.3929727e-001
1.0000000e+000
1.0000000e+000
6.8919914e-001
9.3874349e-001
7.1539560e-001
6.9215727e-001
9.1714149e-001
1.0000000e+000
8.8253352e-001
1.0000000e+000
8.1655416e-001
1.0000000e+000
4.3398793e-001
1.0000000e+000
6.3975636e-001
7.5685914e-001
1.0000000e+000
1.0000000e+000
1.0000000e+000
1.0000000e+000
9.0492919e-001
8.1181705e-001
9.3699090e-001
6.5449810e-001
1.0000000e+000
7.8084733e-001
5.3933954e-001
9.7548044e-001
7.7603110e-001
1.0000000e+000
7.7211530e-001
1.0000000e+000
1.0000000e+000
2.8640612e-001
6.4821570e-001
9.9190236e-001
1.0000000e+000
9.9965084e-001
4.2375884e-001
1.0000000e+000
1.0000000e+000
4.3660720e-001
3.3864921e-001
8.2374714e-001
1.0000000e+000
1.0000000e+000
1.0000000e+000
1.0000000e+000
1.0000000e+000
9.5326931e-001
8.4895904e-001
8.3249455e-001
1.8960993e-001
3.9388118e-001
1.0000000e+000
1.0000000e+000
6.9257568e-001
7.5580300e-001
7.6915160e-001
1.0000000e+000
5.9272764e-001
4.2990393e-001
8.1723092e-001
6.9927120e-001
1.0000000e+000
8.2431873e-001
1.0000000e+000
9.1057889e-001
1.0000000e+000
9.0907452e-001
8.0698636e-001
4.4004927e-001
1.0000000e+000
7.7482187e-001
9.4248998e-001
1.0000000e+000
1.0000000e+000
8.8444429e-001
3.8920636e-001
5.0147485e-001
7.2428571e-001
9.0916913e-001
7.6830575e-001
1.0000000e+000
1.0000000e+000
1.0000000e+000
8.3011673e-001
5.8075184e-001
1.0000000e+000
4.8178759e-001
1.0000000e+000
1.0000000e+000
7.7729885e-001
9.2954518e-001
8.4579329e-001
7.6823840e-001
9.6727875e-001
1.0000000e+000
8.6523833e-001
7.9557117e-001
8.5664614e-001
7.9890074e-001
1.0000000e+000
1.0000000e+000
1.0000000e+000
6.2492886e-001
1.0000000e+000
8.0196597e-001
1.0000000e+000
1.0000000e+000
4.1512453e-001
8.1464431e-001
1.0000000e+000
9.1056088e-001
1.0000000e+000
4.6710843e-001
9.6371763e-001
1.0000000e+000
1.0000000e+000
1.0000000e+000
4.2590629e-001
1.0000000e+000
7.8378113e-001
1.0000000e+000
5.6630201e-001
9.8955920e-001
6.3889033e-001
7.8899703e-001
1.0000000e+000
5.1944332e-001
8.9659250e-001
6.2998916e-001
1.0000000e+000
1.0000000e+000
3.4748039e-001
1.0000000e+000
5.8895888e-001
5.6851506e-001
1.0000000e+000
1.0000000e+000
9.4469144e-001
4.9913447e-001
6.3068830e-001
7.5822956e-001
5.5399679e-001
1.0000000e+000
1.0000000e+000
5.4879515e-001
7.4964200e-001
8.8600176e-002
7.9644518e-001
1.0000000e+000
1.0000000e+000
1.3785504e-001
1.0000000e+000
4.2753525e-001
5.2981065e-001
1.0000000e+000
1.0000000e+000
7.7994312e-001
1.0000000e+000
9.7198930e-001
6.7347420e-001
1.0000000e+000
6.8040258e-001
9.2095040e-001
1.0000000e+000
1.0000000e+000
9.0545068e-001
8.8450711e-001
6.8809304e-001
5.2440054e-001
1.0000000e+000
7.9643421e-001
5.0819438e-001
1.0000000e+000
5.6691687e-001
1.0000000e+000
9.2562234e-001
4.8553275e-001
1.0000000e+000
8.0034378e-001
5.5030438e-001
2.4436672e-001
1.0000000e+000
1.0000000e+000
5.6718316e-001
6.3334117e-001
1.0000000e+000
3.0239926e-001
1.0000000e+000
1.0000000e+000
1.0000000e+000
1.0000000e+000
6.1276876e-001
1.0000000e+000
1.0000000e+000
9.8216869e-001
1.0000000e+000
1.0000000e+000
7.4267848e-001
8.5439214e-001
9.8320248e-001
9.8614402e-001
8.8017971e-001
8.7386978e-001
7.1892096e-001
4.0184779e-001
7.8642390e-001
6.2966602e-001
5.3693434e-001
7.6827746e-001
1.0000000e+000
1.0000000e+000
7.1255831e-002
7.5090012e-001
6.1315752e-001
9.6382749e-001
6.0382933e-001
8.0414880e-001
9.0924046e-001
5.9798832e-001
9.2304548e-001
1.0000000e+000
6.2235553e-001
1.0000000e+000
8.9083258e-001
1.0000000e+000
9.5604248e-001
7.2078666e-001
1.0000000e+000
1.0000000e+000
8.3535008e-001
1.0000000e+000
1.0000000e+000
7.4586523e-001
6.6018205e-001
1.0000000e+000
5.4703564e-001
7.1816087e-001
3.0741816e-001
9.0787474e-001
1.0000000e+000
8.0455006e-001
3.5238919e-001
6.9857432e-001
9.2755081e-001
1.0000000e+000
7.0017502e-001
1.0000000e+000
9.4675673e-001
1.0000000e+000
8.8313947e-001
4.6788979e-001
7.5344230e-001
1.0000000e+000
1.0000000e+000
4.0174982e-001
9.0251984e-001
7.5979598e-001
1.0000000e+000
1.0000000e+000
5.4521452e-001
1.0000000e+000
1.0000000e+000
8.6399809e-001
1.0000000e+000
2.5373841e-001
1.0000000e+000
4.0314994e-001
7.6896501e-001
8.3615430e-001
1.0000000e+000
8.5048708e-001
8.5044034e-001
1.0000000e+000
4.3719571e-001
1.0000000e+000
5.3811147e-001
1.0000000e+000
1.0000000e+000
8.5476222e-001
1.0000000e+000
6.5864872e-001
6.6805083e-001
1.0000000e+000
7.6549226e-001
1.0000000e+000
1.0000000e+000
1.0000000e+000
8.9473538e-001
1.0000000e+000
9.2292002e-001
1.0000000e+000
8.6343061e-001
9.4457919e-001
1.0000000e+000
1.0000000e+000
9.8678388e-001
6.1995425e-001
4.1653395e-001
6.6385507e-001
1.0000000e+000
6.9257443e-001
7.6978365e-001
6.5806171e-001
7.9428370e-001
4.0214060e-001
1.0000000e+000
1.0000000e+000
1.4783905e-001
1.0000000e+000
6.2605853e-001
1.0000000e+000
2.8709186e-001
1.0000000e+000
4.1081668e-001
9.8153552e-001
1.0000000e+000
7.1635014e-001
1.0000000e+000
1.0000000e+000
1.0000000e+000
1.0000000e+000
1.0000000e+000
1.0000000e+000
1.0000000e+000
1.0000000e+000
8.3898756e-001
1.0000000e+000
1.0000000e+000
7.9636936e-001
4.4554987e-001
1.0000000e+000
9.3484136e-001
6.9590409e-001
4.1117387e-001
1.0000000e+000
2.6822368e-001
1.0000000e+000
3.0708108e-001
6.4953999e-001
7.0739762e-001
1.0000000e+000
1.7792597e-001
3.8596515e-001
1.0000000e+000
5.3832397e-001
6.8590064e-001
6.0227724e-001
1.0000000e+000
5.9205896e-001
8.5049057e-001
1.0000000e+000
8.7444286e-001
1.0000000e+000
1.0000000e+000
9.1875957e-001
5.8866082e-001
1.0000000e+000
9.4623582e-001
1.0000000e+000
9.5976244e-001
1.0000000e+000
1.0000000e+000
5.1908593e-001
1.0000000e+000
5.7770879e-001
1.0000000e+000
5.9438678e-001
6.2756680e-001
7.3398712e-001
6.0388461e-001
7.5548407e-001
8.8705379e-001
6.1772370e-001
1.0000000e+000
3.2524670e-001
9.7160682e-001
1.0000000e+000
2.5576868e-001
9.8185532e-001
6.2149241e-001
1.0000000e+000
8.6964554e-001
1.0000000e+000
8.0346023e-001
6.9027537e-001
1.0000000e+000
1.0000000e+000
6.7547638e-002
8.0991923e-001
8.7377725e-001
4.7577660e-001
8.9536090e-001
6.9672224e-001
1.0000000e+000
9.7001744e-001
9.5894693e-001
8.4547866e-001
7.6897472e-001
8.5619635e-001
3.1501191e-001
7.9847757e-001
1.0000000e+000
5.1962348e-001
1.0000000e+000
1.0000000e+000
8.1891670e-001
9.6513356e-001
9.9008557e-001
1.0000000e+000
5.6708405e-001
7.3844582e-001
8.8044304e-001
6.9263725e-001
9.9967064e-001
9.3573446e-001
1.0000000e+000
8.8936621e-001
8.7114092e-001
9.8518035e-001
1.0000000e+000
1.0000000e+000
6.5354656e-001
1.0000000e+000
9.8707881e-001
6.4661110e-001
1.0000000e+000
1.0000000e+000
1.0000000e+000
1.0000000e+000
6.9089145e-001
1.0000000e+000
8.6697386e-001
6.2641893e-001
1.0000000e+000
9.4045655e-001
1.0000000e+000
5.9330513e-001
6.1793899e-001
1.0000000e+000
8.6256723e-001
6.0189019e-001
1.0000000e+000
9.5128365e-001
9.6460056e-001
4.8494482e-001
