8.6092872e-002
4.1114265e-002
0.0000000e+000
6.0011928e-002
4.7890696e-002
1.5987894e-001
7.8562474e-002
0.0000000e+000
1.4035004e-001
0.0000000e+000
1.2043750e-001
1.3615026e-001
2.8298818e-002
0.0000000e+000
3.5964828e-002
0.0000000e+000
0.0000000e+000
2.1842390e-001
3.6017270e-002
1.7890920e-002
1.2286690e-001
1.3668852e-001
1.2233577e-002
5.6932800e-002
1.0755959e-001
1.3315371e-001
0.0000000e+000
2.8303084e-002
0.0000000e+000
1.5580376e-001
1.0281001e-001
0.0000000e+000
2.0469023e-001
0.0000000e+000
2.2642418e-001
4.1297371e-002
3.0412126e-002
0.0000000e+000
1.9933082e-002
7.0156108e-002
2.8129673e-002
1.4586676e-001
6.0458813e-002
0.0000000e+000
0.0000000e+000
1.9836815e-002
6.9021599e-002
8.8920224e-002
3.1611650e-002
1.7142268e-002
1.2594099e-002
2.3067782e-001
8.2541165e-002
4.8436679e-002
5.6536351e-002
0.0000000e+000
0.0000000e+000
1.6231338e-002
1.1614572e-001
0.0000000e+000
6.1574635e-002
3.4601212e-002
1.5653507e-001
1.4434923e-001
2.1134080e-001
4.5790527e-002
4.3430197e-002
3.7597147e-002
1.4183996e-001
0.0000000e+000
3.6126587e-001
3.7187999e-002
1.1183447e-001
0.0000000e+000
1.1438802e-001
3.0141249e-001
1.6038755e-001
3.7949529e-002
1.6908719e-002
0.0000000e+000
4.1201971e-002
7.3964710e-002
4.8981773e-002
1.4370375e-001
1.7788211e-002
0.0000000e+000
3.1206508e-002
8.4318745e-002
0.0000000e+000
1.2901824e-001
0.0000000e+000
0.0000000e+000
5.7335539e-002
3.6390742e-002
0.0000000e+000
1.7353162e-002
1.8501319e-001
1.0884211e-001
3.6769118e-002
8.7951935e-002
1.2365711e-001
3.0820638e-002
3.0669760e-002
7.0154395e-002
0.0000000e+000
1.6981856e-001
3.5970278e-002
5.2752789e-002
1.2580787e-001
2.3158505e-001
6.6262173e-002
0.0000000e+000
1.4372438e-001
8.8519730e-002
2.3367358e-001
2.9729701e-002
9.3741618e-002
8.0529366e-002
3.4133183e-003
1.6387523e-001
8.3007192e-002
2.3724904e-001
0.0000000e+000
1.1803611e-001
3.4171076e-002
1.4874683e-001
6.6756755e-002
0.0000000e+000
0.0000000e+000
6.6379586e-002
9.4747580e-002
1.2704376e-002
1.5627230e-001
7.7332769e-002
1.6030168e-001
2.5680426e-001
0.0000000e+000
1.2890755e-003
1.6505006e-002
0.0000000e+000
1.3381974e-001
0.0000000e+000
9.2458322e-002
1.5602616e-002
0.0000000e+000
1.0954755e-002
6.4918912e-002
1.0834465e-001
1.0324316e-001
7.3352710e-002
4.3595708e-002
5.7647801e-002
1.2154313e-003
2.7969744e-002
7.0309982e-002
9.4174459e-002
0.0000000e+000
0.0000000e+000
1.5805548e-001
1.6420630e-001
1.2816963e-001
2.5577955e-002
6.1496589e-003
1.6781264e-001
0.0000000e+000
0.0000000e+000
9.1069119e-002
6.8424522e-002
7.8096537e-002
1.9628862e-001
0.0000000e+000
1.4878606e-001
7.9722297e-003
0.0000000e+000
7.9696284e-002
2.6138639e-002
3.7300134e-002
0.0000000e+000
0.0000000e+000
0.0000000e+000
2.3563698e-002
1.3605957e-001
1.3161490e-001
3.3366621e-002
0.0000000e+000
4.3389077e-002
7.3503080e-002
2.3638556e-002
7.2826846e-003
5.2693219e-002
2.4395733e-001
1.0449663e-001
8.1135161e-002
1.0750018e-001
2.2266102e-001
3.9906055e-002
1.3201472e-001
5.2351815e-002
3.6299372e-001
4.7778762e-002
1.0867081e-001
0.0000000e+000
3.3051506e-002
6.9564424e-002
0.0000000e+000
1.3435649e-001
4.4769604e-002
0.0000000e+000
0.0000000e+000
3.8758218e-002
1.4827019e-001
1.8898077e-001
7.9768756e-002
9.6299988e-002
7.3395438e-002
0.0000000e+000
1.4194369e-001
1.5020235e-001
1.0588950e-001
6.0046043e-002
1.6232930e-001
0.0000000e+000
0.0000000e+000
5.6441235e-002
2.7680582e-002
0.0000000e+000
1.1894999e-001
4.0005388e-002
1.1773671e-001
8.5889798e-002
4.7069976e-002
0.0000000e+000
2.0761645e-001
5.0264195e-002
5.0866908e-002
9.3855205e-002
4.3176740e-003
0.0000000e+000
2.8640414e-002
0.0000000e+000
5.8737250e-002
1.3032083e-001
6.7497477e-002
0.0000000e+000
1.4619436e-001
0.0000000e+000
1.9826472e-001
7.8952565e-002
0.0000000e+000
0.0000000e+000
1.0297384e-001
1.4307903e-001
0.0000000e+000
4.1335773e-002
0.0000000e+000
8.6839687e-003
1.1406579e-001
1.7243076e-002
1.1195295e-001
0.0000000e+000
2.5520370e-002
9.7031364e-002
2.1294206e-001
1.6689253e-001
1.7260151e-001
6.5668787e-002
1.0927108e-003
0.0000000e+000
1.4388444e-001
0.0000000e+000
4.7172238e-002
0.0000000e+000
0.0000000e+000
3.4208977e-002
5.7928450e-002
2.2673084e-001
2.3889205e-001
1.3354433e-001
4.2692012e-002
0.0000000e+000
8.2495127e-002
6.9298407e-002
0.0000000e+000
4.8453696e-002
7.0582490e-002
0.0000000e+000
6.3144041e-002
0.0000000e+000
0.0000000e+000
3.2440189e-002
7.0198808e-002
1.5354762e-001
5.4337920e-002
3.0729215e-001
1.2250158e-001
8.1045666e-002
2.2313717e-001
0.0000000e+000
0.0000000e+000
1.7981857e-001
2.7706986e-001
1.0909034e-001
8.1757553e-002
0.0000000e+000
1.2331556e-001
4.5331383e-002
1.7056542e-001
2.2900164e-001
2.4063294e-001
1.8113928e-001
1.5666999e-001
2.2275054e-001
3.7204554e-002
0.0000000e+000
0.0000000e+000
3.2147972e-001
0.0000000e+000
7.8246197e-002
2.0728443e-001
7.0825008e-003
0.0000000e+000
6.2339879e-002
1.5176478e-001
1.1290761e-001
0.0000000e+000
0.0000000e+000
1.1273885e-001
0.0000000e+000
2.4625918e-001
1.3073708e-001
8.5115727e-002
7.6816269e-002
2.7073009e-002
5.3451250e-002
0.0000000e+000
1.9266743e-001
1.2407420e-001
0.0000000e+000
0.0000000e+000
7.8709097e-003
5.6298423e-002
1.1748900e-001
0.0000000e+000
9.8034361e-002
7.7511512e-002
1.2390710e-001
8.5164045e-002
9.3309392e-003
3.9242608e-002
0.0000000e+000
1.7634569e-001
0.0000000e+000
0.0000000e+000
0.0000000e+000
0.0000000e+000
0.0000000e+000
0.0000000e+000
1.6812109e-001
6.2599256e-002
0.0000000e+000
1.3609429e-001
0.0000000e+000
7.9312257e-002
8.1566819e-002
0.0000000e+000
3.3625373e-002
1.5363529e-001
3.1791114e-002
0.0000000e+000
1.1743917e-001
0.0000000e+000
0.0000000e+000
0.0000000e+000
2.0567664e-002
2.2400436e-001
8.5389601e-002
7.7070252e-002
9.6070466e-002
1.3418222e-001
0.0000000e+000
0.0000000e+000
3.5517938e-002
0.0000000e+000
9.4898444e-002
2.0477518e-002
7.4602319e-002
6.2126071e-002
9.6018781e-002
0.0000000e+000
0.0000000e+000
0.0000000e+000
2.7109715e-001
6.7409692e-002
0.0000000e+000
0.0000000e+000
0.0000000e+000
9.3690454e-002
5.6694018e-002
9.6018128e-003
2.3398608e-002
3.9936811e-002
2.4207902e-001
2.7429310e-002
0.0000000e+000
7.9292036e-002
1.3872674e-001
2.3942465e-001
0.0000000e+000
9.4445047e-002
1.5468758e-001
1.6644729e-002
0.0000000e+000
6.7366660e-002
2.5394765e-002
5.2320909e-002
0.0000000e+000
0.0000000e+000
8.4869718e-002
1.1540605e-001
3.7150877e-002
6.5283413e-002
4.6716955e-002
0.0000000e+000
0.0000000e+000
0.0000000e+000
2.3468253e-001
0.0000000e+000
1.9004539e-001
1.1871094e-001
4.8429967e-002
0.0000000e+000
0.0000000e+000
7.0915051e-002
0.0000000e+000
0.0000000e+000
4.9700018e-002
1.2790160e-001
0.0000000e+000
8.9222693e-002
6.7772585e-002
2.7555634e-001
1.6839620e-001
0.0000000e+000
3.7983048e-002
2.1381231e-002
0.0000000e+000
6.6687879e-002
9.8693858e-002
3.6500513e-001
8.4030445e-002
0.0000000e+000
1.3166564e-002
1.3458736e-001
0.0000000e+000
3.2756112e-002
1.2947685e-001
3.5845910e-002
1.1843337e-001
0.0000000e+000
1.8540667e-002
0.0000000e+000
7.0549977e-002
1.5535549e-001
7.8008861e-002
1.6447343e-001
0.0000000e+000
5.2910220e-002
1.4361275e-001
0.0000000e+000
6.6299883e-002
0.0000000e+000
1.5665887e-001
7.2973557e-002
2.1035462e-002
0.0000000e+000
3.2260063e-002
1.1511083e-001
3.0162534e-001
0.0000000e+000
9.2274975e-002
5.9564193e-002
2.7624434e-001
1.2592472e-001
0.0000000e+000
1.2700800e-001
0.0000000e+000
1.3596874e-001
0.0000000e+000
9.5200480e-003
5.4461226e-002
1.5864486e-001
0.0000000e+000
8.7917377e-002
6.4294106e-002
1.8038839e-001
0.0000000e+000
3.1709089e-002
0.0000000e+000
0.0000000e+000
3.8327705e-002
1.3451126e-002
5.9628327e-002
5.8555095e-002
1.8907652e-002
2.8370610e-002
8.8073463e-002
2.5038437e-001
9.4492038e-003
1.9046450e-001
2.4743572e-003
1.3630989e-001
1.3904226e-001
0.0000000e+000
0.0000000e+000
0.0000000e+000
0.0000000e+000
2.8896005e-002
0.0000000e+000
1.3103575e-001
2.7581370e-002
0.0000000e+000
1.3765506e-001
0.0000000e+000
0.0000000e+000
1.9133668e-001
1.9880520e-001
6.2618640e-002
0.0000000e+000
5.2421982e-002
4.4948377e-002
0.0000000e+000
1.6811692e-001
1.1409784e-002
1.2482859e-001
7.1202283e-002
1.3493838e-001
6.2497520e-003
0.0000000e+000
1.2652665e-001
0.0000000e+000
0.0000000e+000
3.5526597e-002
0.0000000e+000
3.3958799e-002
1.2837528e-001
0.0000000e+000
2.5582213e-002
6.5847419e-002
1.4967068e-001
0.0000000e+000
7.9719946e-002
1.1249602e-001
1.6018408e-001
1.4892027e-001
4.8122718e-002
1.7900642e-001
1.7649645e-001
0.0000000e+000
8.1258729e-002
1.3031010e-001
4.6047005e-002
1.8971156e-001
7.8950340e-002
0.0000000e+000
1.2520288e-001
9.6504782e-002
1.5000072e-001
0.0000000e+000
1.1782552e-001
0.0000000e+000
7.6765037e-003
3.1549443e-002
9.6723671e-002
0.0000000e+000
0.0000000e+000
1.7556812e-001
2.8280047e-002
0.0000000e+000
4.1699992e-002
1.1455324e-001
3.3026072e-002
7.3053014e-002
0.0000000e+000
2.3438912e-001
1.2795079e-001
0.0000000e+000
1.5990204e-001
2.6560641e-002
0.0000000e+000
0.0000000e+000
3.2380096e-004
1.0048346e-001
1.5328374e-001
1.7843165e-001
1.7344131e-001
1.0813395e-001
4.4942678e-002
0.0000000e+000
0.0000000e+000
1.2596027e-001
0.0000000e+000
0.0000000e+000
8.0248196e-002
0.0000000e+000
1.8893018e-001
8.7842162e-002
9.4917184e-003
0.0000000e+000
1.1945498e-001
2.8636279e-002
2.4192573e-001
5.4066021e-002
9.9555746e-002
0.0000000e+000
1.1753137e-001
3.0168734e-001
0.0000000e+000
5.6931284e-002
0.0000000e+000
1.0747799e-001
2.6382442e-002
8.9415946e-002
4.2370372e-003
0.0000000e+000
0.0000000e+000
2.6947921e-001
9.2527068e-002
0.0000000e+000
1.8851434e-002
5.1361418e-002
6.2439880e-002
1.2683770e-001
0.0000000e+000
1.0496272e-001
0.0000000e+000
9.0869132e-002
1.1792173e-001
1.8836162e-002
1.7834956e-001
0.0000000e+000
7.2529051e-002
0.0000000e+000
1.0739853e-002
1.1428458e-001
1.8022914e-001
0.0000000e+000
7.9702498e-002
3.9808505e-002
2.0832204e-001
0.0000000e+000
5.0673208e-002
0.0000000e+000
2.8177151e-001
1.0786252e-001
4.7791206e-002
0.0000000e+000
7.1950424e-002
1.8756181e-001
9.5330136e-002
1.2692991e-002
1.1319009e-001
2.2083154e-001
0.0000000e+000
1.3865231e-001
6.2023653e-002
0.0000000e+000
3.3552443e-002
0.0000000e+000
0.0000000e+000
8.8913913e-002
9.7242427e-002
8.8429429e-002
7.9188035e-002
3.7347942e-002
7.9035147e-003
1.4850640e-001
2.0404386e-001
1.4171749e-001
2.6796395e-001
1.5046339e-001
4.4879710e-002
4.5975467e-002
5.2198588e-002
0.0000000e+000
8.9566238e-002
2.6329996e-003
6.5192928e-002
4.3964147e-002
0.0000000e+000
5.9853967e-002
2.1102629e-001
9.4279289e-002
2.1667218e-002
1.0720607e-001
3.6951302e-002
7.5588693e-002
9.8435227e-003
2.6510944e-001
1.4967366e-001
8.9156216e-002
0.0000000e+000
0.0000000e+000
1.0355947e-001
0.0000000e+000
0.0000000e+000
0.0000000e+000
2.6751487e-002
0.0000000e+000
1.4262958e-002
0.0000000e+000
1.6377320e-001
3.2299579e-002
8.3157154e-002
8.7990367e-002
2.0031902e-001
2.1157004e-001
1.9329087e-002
9.3461965e-002
0.0000000e+000
6.9041845e-002
1.1157419e-001
1.5876949e-002
1.7125777e-001
1.3320289e-001
1.2638047e-001
4.9998020e-003
0.0000000e+000
9.9745066e-002
0.0000000e+000
0.0000000e+000
9.2249812e-002
4.2092271e-002
8.6749348e-002
0.0000000e+000
0.0000000e+000
1.7608394e-001
1.0972468e-001
2.1664665e-002
2.6675223e-002
1.6651590e-001
9.5707179e-002
1.5614927e-001
1.9222582e-001
6.7522983e-002
0.0000000e+000
1.2431911e-001
9.8204632e-003
0.0000000e+000
0.0000000e+000
8.2666004e-002
0.0000000e+000
1.0429771e-001
1.2578043e-001
0.0000000e+000
5.1890098e-002
0.0000000e+000
6.2011161e-002
1.1557624e-001
0.0000000e+000
1.1279923e-001
2.1526942e-001
2.3193275e-001
7.7102769e-002
1.1731143e-001
0.0000000e+000
0.0000000e+000
1.2640651e-001
7.4070207e-002
0.0000000e+000
1.4362591e-001
0.0000000e+000
6.7236674e-002
8.1846942e-002
8.3606158e-003
0.0000000e+000
1.3535552e-001
0.0000000e+000
2.0397539e-001
0.0000000e+000
0.0000000e+000
0.0000000e+000
0.0000000e+000
0.0000000e+000
2.0856611e-001
1.2831312e-002
0.0000000e+000
0.0000000e+000
1.9218667e-001
0.0000000e+000
2.4926264e-001
0.0000000e+000
0.0000000e+000
8.5367250e-002
0.0000000e+000
0.0000000e+000
1.4990930e-001
1.0446525e-001
0.0000000e+000
8.8462049e-002
1.2099898e-001
0.0000000e+000
1.4265821e-001
1.4480183e-001
7.7785147e-003
4.0076269e-002
9.2568213e-002
1.8469933e-001
5.9299319e-002
0.0000000e+000
0.0000000e+000
3.6202731e-002
1.5003194e-001
1.1017669e-001
0.0000000e+000
1.5450757e-001
1.7183628e-001
1.9297939e-001
3.1449482e-002
0.0000000e+000
0.0000000e+000
1.0386989e-002
1.7358525e-001
0.0000000e+000
1.4015373e-001
2.6924856e-002
0.0000000e+000
1.1905331e-001
2.0206067e-001
1.7055614e-001
1.6455135e-001
0.0000000e+000
9.0305149e-002
0.0000000e+000
1.3092374e-002
1.1920419e-001
0.0000000e+000
4.9870706e-002
0.0000000e+000
6.5729619e-002
3.2648714e-002
3.8072742e-002
3.3270773e-002
1.3796847e-002
0.0000000e+000
1.6471761e-001
1.5382080e-002
2.1078111e-002
6.9528774e-002
1.6529795e-001
1.2281311e-001
1.2522970e-001
0.0000000e+000
6.0457521e-002
1.5498237e-001
9.5579089e-002
1.1483046e-001
2.2472310e-002
0.0000000e+000
0.0000000e+000
1.7830889e-001
2.1434517e-001
3.2011552e-002
0.0000000e+000
6.8064663e-002
4.3739276e-002
0.0000000e+000
5.4968647e-002
8.1904727e-002
1.4723452e-001
0.0000000e+000
5.0945469e-002
1.3125310e-001
0.0000000e+000
6.9396816e-002
8.0951774e-002
2.2047187e-002
3.6301958e-002
6.6901013e-002
2.7725930e-002
0.0000000e+000
6.2247921e-002
1.3502527e-001
5.9776415e-002
1.1528286e-002
1.8167631e-001
9.9524484e-002
9.8589436e-002
0.0000000e+000
0.0000000e+000
6.7901733e-002
1.4950438e-001
0.0000000e+000
2.7473265e-002
1.4070794e-001
1.0981514e-001
0.0000000e+000
8.1046955e-002
1.1855662e-001
0.0000000e+000
1.3428823e-001
1.9759709e-001
7.9552461e-002
1.3130844e-001
1.5424427e-001
1.7116209e-001
8.8146080e-002
0.0000000e+000
1.1618405e-001
0.0000000e+000
7.7334939e-002
2.1319900e-001
0.0000000e+000
4.7880229e-002
1.7983960e-001
0.0000000e+000
1.4830330e-001
0.0000000e+000
0.0000000e+000
1.8891528e-001
8.5118174e-002
6.0814627e-002
0.0000000e+000
1.0108243e-001
7.6173670e-002
2.1612857e-001
9.3288842e-002
1.1706593e-001
0.0000000e+000
6.6784148e-002
1.7965347e-001
1.2127851e-002
0.0000000e+000
0.0000000e+000
0.0000000e+000
2.1871478e-002
3.7565936e-001
2.6992452e-001
0.0000000e+000
3.0432707e-002
0.0000000e+000
1.3469766e-001
0.0000000e+000
1.9594107e-001
1.3901242e-001
1.9272116e-001
2.0367421e-002
1.2874664e-001
4.0380258e-002
0.0000000e+000
3.4446525e-002
3.0059830e-002
3.5340466e-002
7.8513604e-002
7.5994946e-002
1.1197531e-003
2.6829783e-002
1.0990171e-001
1.3156734e-001
1.9034458e-001
0.0000000e+000
0.0000000e+000
4.7148303e-002
1.5622657e-001
0.0000000e+000
0.0000000e+000
2.2314665e-001
0.0000000e+000
0.0000000e+000
1.3268550e-002
8.2552077e-004
6.1291275e-002
8.6209409e-004
0.0000000e+000
1.8275406e-002
1.0730355e-001
2.9151011e-002
7.9303049e-002
1.0163175e-001
7.8911542e-002
7.3832144e-003
3.0860283e-002
1.4494729e-001
0.0000000e+000
0.0000000e+000
3.0109434e-001
6.1317623e-002
8.9740810e-002
2.7188937e-003
0.0000000e+000
1.0104755e-001
3.7433830e-002
9.4979082e-002
0.0000000e+000
1.3428705e-001
0.0000000e+000
0.0000000e+000
1.8105283e-001
5.1605762e-002
2.3523697e-001
1.2130485e-001
3.3690171e-002
0.0000000e+000
0.0000000e+000
3.1102084e-001
7.5550374e-002
6.7119453e-002
1.0515225e-001
1.1044587e-001
2.1497561e-001
0.0000000e+000
0.0000000e+000
8.8455256e-002
0.0000000e+000
2.3267478e-001
0.0000000e+000
1.6578672e-001
0.0000000e+000
5.5128504e-002
4.8092203e-002
1.7115669e-001
7.3274240e-003
2.0556467e-001
0.0000000e+000
0.0000000e+000
0.0000000e+000
4.8319728e-002
1.1991638e-001
0.0000000e+000
2.4923563e-001
1.2321394e-001
9.3606179e-002
0.0000000e+000
4.8911096e-002
1.7413101e-002
0.0000000e+000
2.3804814e-001
0.0000000e+000
0.0000000e+000
0.0000000e+000
9.8743817e-002
9.0551717e-002
5.2275656e-002
1.0982443e-001
8.0225185e-002
1.2381959e-001
1.4263847e-001
0.0000000e+000
2.7100387e-001
0.0000000e+000
1.4719261e-001
1.2403590e-001
0.0000000e+000
1.5904012e-002
1.6041016e-002
0.0000000e+000
8.1412702e-002
0.0000000e+000
0.0000000e+000
0.0000000e+000
2.8757003e-001
0.0000000e+000
1.7441403e-001
1.6155050e-001
2.1810412e-001
2.2179862e-001
1.0731556e-001
2.5881742e-002
0.0000000e+000
6.7966521e-002
2.1750048e-001
0.0000000e+000
1.9930368e-002
9.1033202e-002
7.4067840e-002
0.0000000e+000
1.5084752e-002
0.0000000e+000
0.0000000e+000
2.0544819e-001
2.1638730e-002
1.8648977e-001
1.1074983e-001
1.0910966e-001
0.0000000e+000
1.4277513e-001
0.0000000e+000
1.4659507e-002
0.0000000e+000
1.4963356e-001
2.5850648e-002
1.7578150e-001
0.0000000e+000
1.7799949e-001
8.0149723e-003
0.0000000e+000
5.5461256e-002
1.4979832e-001
1.3105031e-001
0.0000000e+000
2.2791464e-001
1.4969599e-001
0.0000000e+000
5.6502000e-002
8.4897410e-002
0.0000000e+000
8.6837615e-002
1.1426212e-001
1.7993995e-002
5.8625456e-002
9.4243207e-002
0.0000000e+000
1.4834082e-001
1.5217882e-001
9.6087348e-002
0.0000000e+000
1.3673101e-001
0.0000000e+000
3.0557852e-002
1.1343888e-001
0.0000000e+000
2.3233558e-001
1.5049052e-001
1.0890056e-001
1.7103154e-001
2.6615163e-001
1.8945553e-001
0.0000000e+000
2.2395061e-001
4.9885755e-002
0.0000000e+000
1.3374133e-002
1.0179476e-001
0.0000000e+000
6.4761118e-002
1.5203930e-001
7.1700470e-002
4.0690078e-002
3.1482294e-002
3.7425938e-002
1.2952931e-001
2.3262116e-001
5.6218368e-002
0.0000000e+000
5.4682691e-002
8.9623658e-002
1.4563286e-001
8.7346026e-002
1.9657786e-001
1.7495752e-001
6.4572256e-002
0.0000000e+000
0.0000000e+000
0.0000000e+000
0.0000000e+000
1.5528304e-001
5.0288290e-002
0.0000000e+000
1.5507978e-001
8.9702475e-002
0.0000000e+000
2.1456646e-001
0.0000000e+000
0.0000000e+000
0.0000000e+000
1.1470524e-001
0.0000000e+000
6.7945858e-002
5.7395314e-002
1.1508786e-001
2.0308896e-001
2.4997270e-001
0.0000000e+000
1.3437897e-001
0.0000000e+000
1.9413815e-001
1.6802145e-001
0.0000000e+000
4.0407445e-002
0.0000000e+000
0.0000000e+000
5.9376538e-002
1.8126218e-001
0.0000000e+000
6.4527589e-002
1.3923022e-001
2.3237630e-001
1.8456642e-001
1.0851274e-001
1.3841434e-001
3.3218714e-002
0.0000000e+000
0.0000000e+000
1.0407771e-001
9.3644476e-002
0.0000000e+000
6.6172855e-002
2.8335880e-001
1.8911889e-001
6.6187557e-002
7.3065245e-003
